1333238400 1.64
1333843200 1.63
1334448000 1.74
1335052800 1.95
1335657600 1.60
1336262400 1.30
1336867200 1.40
1337472000 1.56
1338076800 1.33
1338681600 1.17
1339286400 1.01
1339891200 0.93
1340496000 0.78
1341100800 0.71
1341705600 0.66
1342310400 0.62
1342915200 0.62
1343520000 0.58
1344124800 0.62
1344729600 0.73
1345334400 0.97
1345939200 1.05
1346544000 1.40
1347148800 1.70
1347753600 1.75
1348358400 1.99
1348963200 2.12
1349568000 2.61
1350172800 2.59
1350777600 2.76
1351382400 3.11
1351987200 3.27
1352592000 4.01
1353196800 5.07
1353801600 6.52
1354406400 8.12
1355011200 9.91
1355616000 16.17
1356220800 16.08
1356825600 13.44
1357430400 15.86
1358035200 12.17
1358640000 8.98
1359244800 6.90
1359849600 5.38
1360454400 4.86
1361059200 4.51
1361664000 4.15
1362268800 4.49
1362873600 4.22
1363478400 3.85
1364083200 3.58
1364688000 3.12
