1333238400 2.44
1333843200 2.30
1334448000 2.55
1335052800 2.75
1335657600 2.50
1336262400 2.44
1336867200 2.07
1337472000 1.97
1338076800 1.72
1338681600 1.56
1339286400 1.43
1339891200 1.31
1340496000 1.13
1341100800 0.99
1341705600 0.92
1342310400 0.84
1342915200 0.79
1343520000 0.69
1344124800 0.64
1344729600 0.60
1345334400 0.60
1345939200 0.61
1346544000 0.76
1347148800 0.93
1347753600 1.11
1348358400 1.12
1348963200 1.23
1349568000 1.61
1350172800 2.14
1350777600 2.18
1351382400 2.43
1351987200 2.72
1352592000 2.62
1353196800 3.09
1353801600 3.98
1354406400 3.85
1355011200 4.56
1355616000 4.68
1356220800 4.30
1356825600 4.02
1357430400 5.10
1358035200 6.57
1358640000 6.01
1359244800 5.21
1359849600 3.92
1360454400 3.05
1361059200 2.85
1361664000 2.97
1362268800 2.67
1362873600 2.56
1363478400 2.58
1364083200 2.33
1364688000 2.14
