1333238400 2.14
1333843200 2.26
1334448000 2.14
1335052800 2.06
1335657600 1.67
1336262400 1.60
1336867200 1.60
1337472000 1.41
1338076800 1.43
1338681600 1.21
1339286400 1.13
1339891200 0.91
1340496000 0.70
1341100800 0.62
1341705600 0.61
1342310400 0.63
1342915200 0.59
1343520000 0.62
1344124800 0.74
1344729600 0.83
1345334400 1.09
1345939200 1.41
1346544000 1.38
1347148800 1.52
1347753600 1.55
1348358400 1.55
1348963200 1.75
1349568000 1.79
1350172800 1.93
1350777600 1.80
1351382400 2.13
1351987200 2.13
1352592000 2.60
1353196800 2.73
1353801600 2.95
1354406400 3.56
1355011200 3.52
1355616000 4.39
1356220800 6.56
1356825600 8.62
1357430400 10.98
1358035200 13.29
1358640000 16.93
1359244800 10.87
1359849600 7.53
1360454400 5.06
1361059200 4.66
1361664000 4.02
1362268800 3.55
1362873600 3.08
1363478400 2.55
1364083200 2.19
1364688000 1.96
