1333238400 1.69
1333843200 1.60
1334448000 1.64
1335052800 1.58
1335657600 1.45
1336262400 1.25
1336867200 1.19
1337472000 1.15
1338076800 1.10
1338681600 1.09
1339286400 1.17
1339891200 1.11
1340496000 1.00
1341100800 0.89
1341705600 0.82
1342310400 0.78
1342915200 0.75
1343520000 0.76
1344124800 0.72
1344729600 0.72
1345334400 0.79
1345939200 0.95
1346544000 1.21
1347148800 1.46
1347753600 1.59
1348358400 1.76
1348963200 1.99
1349568000 2.32
1350172800 2.35
1350777600 2.68
1351382400 2.80
1351987200 2.70
1352592000 3.11
1353196800 3.05
1353801600 3.47
1354406400 4.33
1355011200 5.04
1355616000 7.21
1356220800 8.77
1356825600 10.05
1357430400 14.83
1358035200 15.80
1358640000 14.30
1359244800 11.71
1359849600 9.08
1360454400 6.80
1361059200 5.52
1361664000 4.94
1362268800 4.37
1362873600 4.45
1363478400 3.10
1364083200 2.71
1364688000 2.38
