1333238400 1.87
1333843200 1.70
1334448000 1.67
1335052800 1.58
1335657600 1.43
1336262400 1.42
1336867200 1.44
1337472000 1.37
1338076800 1.37
1338681600 1.22
1339286400 1.15
1339891200 1.00
1340496000 0.85
1341100800 0.82
1341705600 0.83
1342310400 0.83
1342915200 0.75
1343520000 0.73
1344124800 0.70
1344729600 0.80
1345334400 0.87
1345939200 1.01
1346544000 1.17
1347148800 1.24
1347753600 1.44
1348358400 1.53
1348963200 1.63
1349568000 1.89
1350172800 2.00
1350777600 2.08
1351382400 2.26
1351987200 2.26
1352592000 2.70
1353196800 2.51
1353801600 2.87
1354406400 2.78
1355011200 2.73
1355616000 3.00
1356220800 4.20
1356825600 5.57
1357430400 6.75
1358035200 8.69
1358640000 13.83
1359244800 11.74
1359849600 8.38
1360454400 5.92
1361059200 5.26
1361664000 4.48
1362268800 3.78
1362873600 3.04
1363478400 2.44
1364083200 2.16
1364688000 1.92
