1333238400 1.84
1333843200 1.75
1334448000 1.71
1335052800 1.62
1335657600 1.61
1336262400 1.31
1336867200 1.36
1337472000 1.27
1338076800 1.20
1338681600 1.04
1339286400 0.89
1339891200 0.87
1340496000 0.65
1341100800 0.68
1341705600 0.70
1342310400 0.64
1342915200 0.69
1343520000 0.73
1344124800 0.65
1344729600 0.81
1345334400 0.98
1345939200 1.12
1346544000 1.25
1347148800 1.29
1347753600 1.35
1348358400 1.57
1348963200 1.86
1349568000 2.20
1350172800 2.25
1350777600 2.39
1351382400 2.52
1351987200 2.58
1352592000 3.20
1353196800 3.23
1353801600 3.78
1354406400 4.81
1355011200 5.63
1355616000 6.90
1356220800 10.19
1356825600 12.01
1357430400 16.58
1358035200 20.26
1358640000 15.22
1359244800 10.84
1359849600 8.66
1360454400 6.32
1361059200 5.58
1361664000 4.26
1362268800 3.42
1362873600 3.08
1363478400 2.64
1364083200 2.31
1364688000 2.12
