1333238400 1.51
1333843200 2.07
1334448000 1.90
1335052800 1.41
1335657600 1.59
1336262400 1.48
1336867200 1.42
1337472000 1.49
1338076800 1.17
1338681600 1.01
1339286400 0.99
1339891200 1.00
1340496000 0.72
1341100800 0.64
1341705600 0.69
1342310400 0.65
1342915200 0.57
1343520000 0.66
1344124800 0.67
1344729600 0.68
1345334400 0.84
1345939200 0.98
1346544000 1.27
1347148800 1.29
1347753600 1.91
1348358400 2.07
1348963200 2.25
1349568000 2.43
1350172800 2.43
1350777600 2.23
1351382400 1.72
1351987200 2.38
1352592000 2.49
1353196800 2.46
1353801600 3.05
1354406400 4.18
1355011200 5.48
1355616000 6.69
1356220800 10.94
1356825600 12.53
1357430400 30.12
1358035200 39.63
1358640000 22.52
1359244800 13.14
1359849600 8.91
1360454400 5.23
1361059200 4.96
1361664000 4.38
1362268800 3.90
1362873600 3.64
1363478400 3.61
1364083200 3.57
1364688000 3.09
