1333238400 1.32
1333843200 1.35
1334448000 1.44
1335052800 1.46
1335657600 1.45
1336262400 1.36
1336867200 1.22
1337472000 1.16
1338076800 1.11
1338681600 1.07
1339286400 1.05
1339891200 1.06
1340496000 1.01
1341100800 0.97
1341705600 0.92
1342310400 0.84
1342915200 0.82
1343520000 0.78
1344124800 0.75
1344729600 0.77
1345334400 0.76
1345939200 0.85
1346544000 0.88
1347148800 1.01
1347753600 1.08
1348358400 1.32
1348963200 1.58
1349568000 1.75
1350172800 1.89
1350777600 1.86
1351382400 1.63
1351987200 1.54
1352592000 1.67
1353196800 1.81
1353801600 1.98
1354406400 2.44
1355011200 2.78
1355616000 3.60
1356220800 4.43
1356825600 4.85
1357430400 6.98
1358035200 8.92
1358640000 6.58
1359244800 5.06
1359849600 4.42
1360454400 3.31
1361059200 3.25
1361664000 2.88
1362268800 3.02
1362873600 2.61
1363478400 2.43
1364083200 2.29
1364688000 2.03
