1333238400 1.48
1333843200 1.52
1334448000 1.54
1335052800 1.55
1335657600 1.47
1336262400 1.43
1336867200 1.35
1337472000 1.29
1338076800 1.20
1338681600 1.14
1339286400 1.04
1339891200 1.01
1340496000 0.88
1341100800 0.87
1341705600 0.90
1342310400 0.83
1342915200 0.81
1343520000 0.87
1344124800 0.87
1344729600 0.94
1345334400 1.02
1345939200 1.09
1346544000 1.19
1347148800 1.35
1347753600 1.52
1348358400 1.65
1348963200 1.72
1349568000 2.04
1350172800 1.99
1350777600 1.97
1351382400 1.76
1351987200 1.81
1352592000 1.53
1353196800 1.50
1353801600 1.79
1354406400 2.25
1355011200 2.39
1355616000 3.00
1356220800 4.16
1356825600 4.14
1357430400 4.83
1358035200 5.06
1358640000 4.93
1359244800 3.84
1359849600 3.02
1360454400 2.80
1361059200 2.68
1361664000 2.45
1362268800 2.27
1362873600 2.31
1363478400 2.21
1364083200 2.08
1364688000 1.95
