1333238400 1.55
1333843200 1.51
1334448000 1.48
1335052800 1.60
1335657600 1.65
1336262400 1.66
1336867200 1.70
1337472000 1.74
1338076800 1.66
1338681600 1.60
1339286400 1.49
1339891200 1.30
1340496000 1.08
1341100800 0.94
1341705600 0.98
1342310400 0.90
1342915200 0.90
1343520000 0.87
1344124800 0.82
1344729600 0.84
1345334400 0.92
1345939200 1.00
1346544000 1.31
1347148800 1.40
1347753600 1.44
1348358400 1.55
1348963200 1.68
1349568000 1.75
1350172800 1.85
1350777600 1.84
1351382400 2.06
1351987200 2.32
1352592000 2.77
1353196800 2.78
1353801600 3.36
1354406400 3.89
1355011200 3.94
1355616000 4.45
1356220800 6.09
1356825600 6.84
1357430400 8.02
1358035200 8.23
1358640000 7.20
1359244800 5.57
1359849600 4.68
1360454400 3.75
1361059200 3.59
1361664000 3.07
1362268800 3.15
1362873600 2.92
1363478400 2.70
1364083200 2.41
1364688000 2.35
