1333238400 1.40
1333843200 1.44
1334448000 1.50
1335052800 1.52
1335657600 1.42
1336262400 1.37
1336867200 1.35
1337472000 1.43
1338076800 1.33
1338681600 1.21
1339286400 1.14
1339891200 1.00
1340496000 0.86
1341100800 0.72
1341705600 0.79
1342310400 0.75
1342915200 0.69
1343520000 0.69
1344124800 0.78
1344729600 0.90
1345334400 1.13
1345939200 1.33
1346544000 1.50
1347148800 1.53
1347753600 1.68
1348358400 1.92
1348963200 2.16
1349568000 2.43
1350172800 2.58
1350777600 2.66
1351382400 2.90
1351987200 3.25
1352592000 4.08
1353196800 4.75
1353801600 5.86
1354406400 8.05
1355011200 9.40
1355616000 10.53
1356220800 10.68
1356825600 9.94
1357430400 10.76
1358035200 10.60
1358640000 8.10
1359244800 6.52
1359849600 5.54
1360454400 4.93
1361059200 4.73
1361664000 4.51
1362268800 4.36
1362873600 4.33
1363478400 3.70
1364083200 3.41
1364688000 3.19
