1333238400 1.86
1333843200 1.62
1334448000 1.78
1335052800 1.94
1335657600 1.82
1336262400 1.97
1336867200 1.96
1337472000 2.19
1338076800 2.02
1338681600 1.86
1339286400 1.79
1339891200 1.48
1340496000 1.17
1341100800 1.00
1341705600 1.09
1342310400 1.18
1342915200 1.07
1343520000 1.09
1344124800 1.17
1344729600 1.22
1345334400 1.12
1345939200 1.14
1346544000 1.15
1347148800 1.09
1347753600 1.28
1348358400 1.35
1348963200 1.36
1349568000 1.42
1350172800 1.49
1350777600 1.35
1351382400 1.21
1351987200 1.41
1352592000 1.60
1353196800 1.51
1353801600 1.77
1354406400 1.94
1355011200 1.97
1355616000 1.98
1356220800 2.25
1356825600 2.82
1357430400 4.19
1358035200 5.48
1358640000 6.65
1359244800 5.92
1359849600 4.45
1360454400 3.65
1361059200 3.22
1361664000 3.07
1362268800 2.58
1362873600 2.25
1363478400 2.13
1364083200 2.02
1364688000 2.26
