1333238400 1.81
1333843200 1.68
1334448000 1.57
1335052800 1.39
1335657600 1.35
1336262400 1.29
1336867200 1.22
1337472000 1.16
1338076800 1.16
1338681600 1.10
1339286400 1.04
1339891200 1.00
1340496000 0.87
1341100800 0.81
1341705600 0.75
1342310400 0.66
1342915200 0.60
1343520000 0.62
1344124800 0.59
1344729600 0.57
1345334400 0.59
1345939200 0.60
1346544000 0.63
1347148800 0.79
1347753600 1.04
1348358400 1.21
1348963200 1.42
1349568000 1.98
1350172800 2.18
1350777600 1.95
1351382400 2.03
1351987200 2.12
1352592000 2.36
1353196800 3.60
1353801600 3.96
1354406400 4.08
1355011200 4.39
1355616000 5.79
1356220800 7.29
1356825600 7.05
1357430400 9.19
1358035200 9.87
1358640000 10.54
1359244800 8.20
1359849600 6.61
1360454400 5.63
1361059200 4.87
1361664000 4.53
1362268800 3.30
1362873600 2.89
1363478400 2.63
1364083200 2.44
1364688000 2.21
