1333238400 1.59
1333843200 1.74
1334448000 1.59
1335052800 1.65
1335657600 1.56
1336262400 1.43
1336867200 1.41
1337472000 1.22
1338076800 1.08
1338681600 1.05
1339286400 1.02
1339891200 0.87
1340496000 0.74
1341100800 0.70
1341705600 0.71
1342310400 0.67
1342915200 0.70
1343520000 0.72
1344124800 0.77
1344729600 0.86
1345334400 1.01
1345939200 1.08
1346544000 1.23
1347148800 1.35
1347753600 1.50
1348358400 1.63
1348963200 1.67
1349568000 1.89
1350172800 1.88
1350777600 1.97
1351382400 2.15
1351987200 2.16
1352592000 2.58
1353196800 2.64
1353801600 3.33
1354406400 4.44
1355011200 5.49
1355616000 7.10
1356220800 9.05
1356825600 9.33
1357430400 10.62
1358035200 11.44
1358640000 8.16
1359244800 6.10
1359849600 4.82
1360454400 3.81
1361059200 3.41
1361664000 3.07
1362268800 2.84
1362873600 2.67
1363478400 2.47
1364083200 2.33
1364688000 2.15
