1333238400 1.19
1333843200 1.28
1334448000 1.25
1335052800 1.35
1335657600 1.26
1336262400 1.16
1336867200 1.19
1337472000 0.97
1338076800 1.05
1338681600 0.88
1339286400 0.86
1339891200 0.87
1340496000 0.64
1341100800 0.62
1341705600 0.72
1342310400 0.66
1342915200 0.61
1343520000 0.63
1344124800 0.74
1344729600 0.83
1345334400 0.97
1345939200 1.12
1346544000 1.18
1347148800 1.32
1347753600 1.45
1348358400 1.67
1348963200 2.03
1349568000 2.33
1350172800 2.79
1350777600 2.50
1351382400 2.16
1351987200 1.92
1352592000 2.12
1353196800 2.27
1353801600 2.88
1354406400 3.68
1355011200 4.09
1355616000 5.70
1356220800 7.56
1356825600 8.12
1357430400 9.25
1358035200 9.38
1358640000 9.74
1359244800 7.56
1359849600 5.45
1360454400 4.67
1361059200 4.29
1361664000 3.89
1362268800 3.88
1362873600 3.52
1363478400 2.97
1364083200 2.79
1364688000 2.46
