1333238400 1.42
1333843200 1.46
1334448000 1.39
1335052800 1.41
1335657600 1.31
1336262400 1.15
1336867200 1.09
1337472000 1.08
1338076800 0.98
1338681600 0.95
1339286400 0.86
1339891200 0.74
1340496000 0.64
1341100800 0.62
1341705600 0.65
1342310400 0.63
1342915200 0.64
1343520000 0.67
1344124800 0.70
1344729600 0.73
1345334400 0.79
1345939200 1.00
1346544000 1.05
1347148800 1.14
1347753600 1.28
1348358400 1.57
1348963200 1.91
1349568000 2.13
1350172800 1.99
1350777600 2.44
1351382400 2.30
1351987200 2.36
1352592000 2.99
1353196800 3.43
1353801600 4.01
1354406400 5.31
1355011200 6.86
1355616000 9.17
1356220800 11.25
1356825600 11.58
1357430400 14.83
1358035200 15.81
1358640000 11.58
1359244800 7.89
1359849600 6.14
1360454400 4.68
1361059200 4.35
1361664000 3.83
1362268800 3.01
1362873600 2.73
1363478400 2.30
1364083200 2.38
1364688000 1.95
