1333238400 1.45
1333843200 1.54
1334448000 1.45
1335052800 1.43
1335657600 1.45
1336262400 1.28
1336867200 1.14
1337472000 1.11
1338076800 1.00
1338681600 1.00
1339286400 0.97
1339891200 0.82
1340496000 0.77
1341100800 0.71
1341705600 0.77
1342310400 0.72
1342915200 0.70
1343520000 0.66
1344124800 0.66
1344729600 0.68
1345334400 0.75
1345939200 1.06
1346544000 1.26
1347148800 1.50
1347753600 1.44
1348358400 1.61
1348963200 2.17
1349568000 2.33
1350172800 2.45
1350777600 2.25
1351382400 2.53
1351987200 3.01
1352592000 3.46
1353196800 3.40
1353801600 4.25
1354406400 3.32
1355011200 4.80
1355616000 7.76
1356220800 11.22
1356825600 13.43
1357430400 20.93
1358035200 22.91
1358640000 13.34
1359244800 11.70
1359849600 10.26
1360454400 7.42
1361059200 5.77
1361664000 3.93
1362268800 3.50
1362873600 3.09
1363478400 2.61
1364083200 2.40
1364688000 2.25
