1333238400 1.48
1333843200 1.52
1334448000 1.45
1335052800 1.46
1335657600 1.29
1336262400 1.34
1336867200 1.30
1337472000 1.25
1338076800 1.09
1338681600 1.01
1339286400 0.93
1339891200 0.89
1340496000 0.70
1341100800 0.59
1341705600 0.61
1342310400 0.65
1342915200 0.56
1343520000 0.57
1344124800 0.65
1344729600 0.77
1345334400 1.19
1345939200 1.45
1346544000 1.44
1347148800 1.45
1347753600 1.69
1348358400 2.01
1348963200 2.12
1349568000 2.50
1350172800 2.20
1350777600 2.53
1351382400 2.94
1351987200 2.71
1352592000 3.31
1353196800 3.90
1353801600 5.24
1354406400 5.82
1355011200 6.85
1355616000 8.44
1356220800 10.13
1356825600 10.48
1357430400 13.27
1358035200 15.19
1358640000 13.56
1359244800 10.10
1359849600 7.11
1360454400 6.24
1361059200 6.40
1361664000 5.52
1362268800 5.23
1362873600 4.68
1363478400 3.91
1364083200 3.53
1364688000 3.21
