1333238400 1.68
1333843200 1.72
1334448000 1.74
1335052800 1.80
1335657600 1.51
1336262400 1.52
1336867200 1.52
1337472000 1.47
1338076800 1.24
1338681600 1.22
1339286400 1.00
1339891200 1.06
1340496000 0.96
1341100800 0.84
1341705600 0.95
1342310400 0.95
1342915200 0.93
1343520000 0.84
1344124800 0.83
1344729600 1.00
1345334400 1.09
1345939200 1.13
1346544000 1.33
1347148800 1.46
1347753600 1.62
1348358400 1.84
1348963200 2.01
1349568000 2.12
1350172800 2.28
1350777600 2.50
1351382400 2.75
1351987200 3.14
1352592000 3.98
1353196800 4.77
1353801600 4.86
1354406400 5.71
1355011200 6.39
1355616000 7.91
1356220800 9.04
1356825600 8.80
1357430400 9.57
1358035200 9.95
1358640000 8.53
1359244800 6.89
1359849600 5.28
1360454400 4.04
1361059200 3.71
1361664000 3.45
1362268800 3.23
1362873600 2.99
1363478400 2.58
1364083200 2.41
1364688000 2.26
