1333238400 1.30
1333843200 1.64
1334448000 2.02
1335052800 1.61
1335657600 1.38
1336262400 1.35
1336867200 1.45
1337472000 1.26
1338076800 1.12
1338681600 1.02
1339286400 1.00
1339891200 0.95
1340496000 0.83
1341100800 0.71
1341705600 0.62
1342310400 0.54
1342915200 0.51
1343520000 0.48
1344124800 0.49
1344729600 0.49
1345334400 0.51
1345939200 0.56
1346544000 0.58
1347148800 0.75
1347753600 0.93
1348358400 1.22
1348963200 1.31
1349568000 1.35
1350172800 1.62
1350777600 1.67
1351382400 1.50
1351987200 1.65
1352592000 1.85
1353196800 2.02
1353801600 2.31
1354406400 3.04
1355011200 3.68
1355616000 7.05
1356220800 11.58
1356825600 14.27
1357430400 21.85
1358035200 22.55
1358640000 14.59
1359244800 8.99
1359849600 5.74
1360454400 4.98
1361059200 3.54
1361664000 3.24
1362268800 2.65
1362873600 2.02
1363478400 1.91
1364083200 1.95
1364688000 1.83
