1333238400 1.38
1333843200 1.41
1334448000 1.42
1335052800 1.31
1335657600 1.34
1336262400 1.35
1336867200 1.38
1337472000 1.30
1338076800 1.18
1338681600 1.09
1339286400 1.13
1339891200 0.96
1340496000 0.86
1341100800 0.83
1341705600 0.80
1342310400 0.81
1342915200 0.84
1343520000 0.83
1344124800 0.89
1344729600 0.94
1345334400 0.91
1345939200 1.00
1346544000 1.13
1347148800 1.35
1347753600 1.44
1348358400 1.57
1348963200 1.71
1349568000 1.85
1350172800 1.89
1350777600 1.78
1351382400 1.48
1351987200 1.88
1352592000 2.26
1353196800 2.15
1353801600 2.58
1354406400 3.15
1355011200 3.59
1355616000 4.56
1356220800 5.81
1356825600 6.64
1357430400 8.73
1358035200 9.36
1358640000 6.35
1359244800 4.97
1359849600 4.12
1360454400 3.54
1361059200 3.18
1361664000 3.06
1362268800 2.99
1362873600 2.76
1363478400 2.36
1364083200 2.24
1364688000 2.03
