1333238400 1.66
1333843200 1.90
1334448000 1.70
1335052800 1.55
1335657600 1.50
1336262400 1.71
1336867200 1.60
1337472000 1.47
1338076800 1.14
1338681600 1.27
1339286400 1.12
1339891200 1.01
1340496000 0.78
1341100800 0.70
1341705600 0.73
1342310400 0.71
1342915200 0.67
1343520000 0.65
1344124800 0.69
1344729600 0.77
1345334400 0.84
1345939200 0.85
1346544000 0.99
1347148800 1.36
1347753600 1.76
1348358400 2.30
1348963200 2.47
1349568000 2.69
1350172800 2.57
1350777600 2.47
1351382400 1.99
1351987200 2.44
1352592000 2.95
1353196800 3.13
1353801600 4.00
1354406400 5.06
1355011200 6.78
1355616000 10.31
1356220800 16.62
1356825600 20.03
1357430400 28.24
1358035200 31.10
1358640000 16.54
1359244800 10.94
1359849600 7.13
1360454400 4.87
1361059200 4.45
1361664000 3.91
1362268800 3.37
1362873600 3.23
1363478400 3.06
1364083200 3.21
1364688000 3.24
