1333238400 1.55
1333843200 1.71
1334448000 1.64
1335052800 1.72
1335657600 1.61
1336262400 1.45
1336867200 1.34
1337472000 1.35
1338076800 1.16
1338681600 1.11
1339286400 1.09
1339891200 0.88
1340496000 0.70
1341100800 0.71
1341705600 0.75
1342310400 0.65
1342915200 0.70
1343520000 0.69
1344124800 0.69
1344729600 0.76
1345334400 0.93
1345939200 0.90
1346544000 1.06
1347148800 1.35
1347753600 1.66
1348358400 1.93
1348963200 2.21
1349568000 2.34
1350172800 2.22
1350777600 2.20
1351382400 2.34
1351987200 2.21
1352592000 2.54
1353196800 2.62
1353801600 3.14
1354406400 3.67
1355011200 4.07
1355616000 4.99
1356220800 8.34
1356825600 9.22
1357430400 8.74
1358035200 9.21
1358640000 9.80
1359244800 7.91
1359849600 6.11
1360454400 5.54
1361059200 5.12
1361664000 4.53
1362268800 3.98
1362873600 3.80
1363478400 3.39
1364083200 3.04
1364688000 2.97
