1333238400 1.49
1333843200 1.67
1334448000 1.63
1335052800 1.73
1335657600 1.53
1336262400 1.38
1336867200 1.33
1337472000 1.25
1338076800 1.17
1338681600 1.04
1339286400 0.90
1339891200 0.81
1340496000 0.69
1341100800 0.73
1341705600 0.68
1342310400 0.73
1342915200 0.71
1343520000 0.67
1344124800 0.78
1344729600 0.84
1345334400 0.89
1345939200 0.92
1346544000 1.09
1347148800 1.21
1347753600 1.29
1348358400 1.59
1348963200 1.76
1349568000 1.95
1350172800 2.21
1350777600 2.29
1351382400 2.37
1351987200 2.07
1352592000 2.40
1353196800 2.47
1353801600 3.01
1354406400 3.74
1355011200 4.41
1355616000 6.29
1356220800 10.18
1356825600 13.29
1357430400 18.68
1358035200 18.15
1358640000 11.18
1359244800 7.75
1359849600 5.80
1360454400 4.42
1361059200 4.02
1361664000 3.66
1362268800 3.22
1362873600 2.82
1363478400 2.47
1364083200 2.25
1364688000 2.09
