1333238400 2.27
1333843200 2.37
1334448000 2.38
1335052800 1.94
1335657600 1.73
1336262400 1.80
1336867200 1.74
1337472000 1.67
1338076800 1.52
1338681600 1.30
1339286400 1.19
1339891200 1.08
1340496000 1.00
1341100800 0.95
1341705600 0.88
1342310400 0.82
1342915200 0.82
1343520000 0.82
1344124800 0.82
1344729600 0.87
1345334400 1.12
1345939200 1.29
1346544000 1.31
1347148800 1.42
1347753600 1.55
1348358400 1.96
1348963200 2.20
1349568000 2.72
1350172800 2.97
1350777600 3.02
1351382400 3.85
1351987200 4.43
1352592000 6.51
1353196800 8.08
1353801600 7.91
1354406400 12.25
1355011200 14.74
1355616000 17.36
1356220800 15.85
1356825600 13.30
1357430400 14.70
1358035200 11.89
1358640000 9.96
1359244800 7.97
1359849600 6.74
1360454400 5.47
1361059200 5.47
1361664000 5.18
1362268800 6.07
1362873600 5.50
1363478400 3.82
1364083200 3.38
1364688000 3.26
