1333238400 1.25
1333843200 1.49
1334448000 1.53
1335052800 1.69
1335657600 1.39
1336262400 1.38
1336867200 1.27
1337472000 1.18
1338076800 1.03
1338681600 1.11
1339286400 1.09
1339891200 1.00
1340496000 0.74
1341100800 0.80
1341705600 0.83
1342310400 0.72
1342915200 0.77
1343520000 0.78
1344124800 0.76
1344729600 0.92
1345334400 1.20
1345939200 1.31
1346544000 1.40
1347148800 1.61
1347753600 1.67
1348358400 1.96
1348963200 2.23
1349568000 2.47
1350172800 2.54
1350777600 2.73
1351382400 2.99
1351987200 3.11
1352592000 3.53
1353196800 3.68
1353801600 4.34
1354406400 5.33
1355011200 5.42
1355616000 6.57
1356220800 8.41
1356825600 8.92
1357430400 10.00
1358035200 11.44
1358640000 10.93
1359244800 8.37
1359849600 6.73
1360454400 5.70
1361059200 4.85
1361664000 4.05
1362268800 3.66
1362873600 3.30
1363478400 2.91
1364083200 2.45
1364688000 2.28
