1333238400 2.01
1333843200 1.96
1334448000 1.92
1335052800 1.70
1335657600 1.57
1336262400 1.46
1336867200 1.38
1337472000 1.30
1338076800 1.24
1338681600 1.20
1339286400 1.12
1339891200 1.03
1340496000 0.93
1341100800 0.89
1341705600 0.81
1342310400 0.73
1342915200 0.68
1343520000 0.62
1344124800 0.61
1344729600 0.60
1345334400 0.58
1345939200 0.58
1346544000 0.61
1347148800 0.70
1347753600 0.80
1348358400 0.93
1348963200 1.29
1349568000 1.73
1350172800 2.25
1350777600 2.26
1351382400 2.14
1351987200 1.87
1352592000 2.01
1353196800 1.87
1353801600 1.96
1354406400 2.28
1355011200 2.98
1355616000 4.40
1356220800 7.52
1356825600 8.76
1357430400 16.85
1358035200 19.76
1358640000 14.14
1359244800 10.50
1359849600 7.23
1360454400 5.61
1361059200 6.12
1361664000 4.81
1362268800 3.82
1362873600 3.49
1363478400 3.32
1364083200 2.82
1364688000 2.20
