1333238400 1.82
1333843200 1.70
1334448000 1.52
1335052800 1.44
1335657600 1.24
1336262400 1.08
1336867200 1.13
1337472000 1.05
1338076800 1.00
1338681600 0.93
1339286400 0.89
1339891200 0.85
1340496000 0.73
1341100800 0.68
1341705600 0.67
1342310400 0.64
1342915200 0.71
1343520000 0.71
1344124800 0.72
1344729600 0.77
1345334400 0.90
1345939200 0.97
1346544000 1.11
1347148800 1.21
1347753600 1.24
1348358400 1.45
1348963200 1.87
1349568000 2.26
1350172800 2.39
1350777600 2.11
1351382400 2.03
1351987200 1.95
1352592000 2.53
1353196800 2.38
1353801600 3.05
1354406400 4.00
1355011200 5.23
1355616000 7.14
1356220800 10.62
1356825600 14.24
1357430400 21.52
1358035200 21.79
1358640000 17.09
1359244800 12.69
1359849600 8.12
1360454400 5.83
1361059200 4.38
1361664000 3.43
1362268800 2.98
1362873600 2.48
1363478400 2.27
1364083200 2.11
1364688000 2.10
