1333238400 1.96
1333843200 2.14
1334448000 1.97
1335052800 1.68
1335657600 1.54
1336262400 1.76
1336867200 1.63
1337472000 1.74
1338076800 1.55
1338681600 1.35
1339286400 1.59
1339891200 1.38
1340496000 1.00
1341100800 0.80
1341705600 0.71
1342310400 0.84
1342915200 0.77
1343520000 0.71
1344124800 0.67
1344729600 0.69
1345334400 0.70
1345939200 0.77
1346544000 1.08
1347148800 1.25
1347753600 1.50
1348358400 1.50
1348963200 1.48
1349568000 1.40
1350172800 1.58
1350777600 1.80
1351382400 2.09
1351987200 1.78
1352592000 2.28
1353196800 2.04
1353801600 2.90
1354406400 3.27
1355011200 3.06
1355616000 3.61
1356220800 4.82
1356825600 5.77
1357430400 7.73
1358035200 8.35
1358640000 12.74
1359244800 11.12
1359849600 7.29
1360454400 5.53
1361059200 4.96
1361664000 3.82
1362268800 3.61
1362873600 2.62
1363478400 2.35
1364083200 2.23
1364688000 1.97
