1333238400 1.66
1333843200 1.71
1334448000 1.58
1335052800 1.48
1335657600 1.64
1336262400 1.76
1336867200 1.61
1337472000 1.43
1338076800 1.23
1338681600 1.07
1339286400 1.07
1339891200 1.03
1340496000 0.88
1341100800 0.81
1341705600 0.83
1342310400 0.78
1342915200 0.73
1343520000 0.75
1344124800 0.74
1344729600 0.84
1345334400 0.94
1345939200 1.00
1346544000 1.04
1347148800 1.29
1347753600 1.64
1348358400 1.89
1348963200 1.94
1349568000 2.32
1350172800 2.19
1350777600 2.24
1351382400 1.63
1351987200 1.95
1352592000 2.30
1353196800 2.42
1353801600 3.24
1354406400 4.42
1355011200 5.46
1355616000 7.32
1356220800 9.83
1356825600 11.07
1357430400 12.89
1358035200 14.26
1358640000 11.29
1359244800 7.62
1359849600 5.62
1360454400 4.52
1361059200 4.18
1361664000 3.56
1362268800 3.36
1362873600 3.20
1363478400 2.97
1364083200 2.75
1364688000 2.51
