1333238400 1.57
1333843200 1.87
1334448000 2.32
1335052800 2.18
1335657600 1.72
1336262400 1.68
1336867200 1.60
1337472000 1.58
1338076800 1.28
1338681600 1.18
1339286400 1.07
1339891200 0.99
1340496000 0.98
1341100800 0.91
1341705600 0.84
1342310400 0.77
1342915200 0.70
1343520000 0.61
1344124800 0.60
1344729600 0.56
1345334400 0.58
1345939200 0.69
1346544000 0.73
1347148800 0.87
1347753600 1.11
1348358400 1.75
1348963200 2.54
1349568000 2.50
1350172800 2.57
1350777600 2.48
1351382400 2.33
1351987200 2.47
1352592000 3.27
1353196800 2.86
1353801600 3.58
1354406400 5.38
1355011200 6.82
1355616000 10.55
1356220800 16.38
1356825600 19.61
1357430400 31.08
1358035200 35.50
1358640000 17.76
1359244800 11.92
1359849600 7.91
1360454400 6.26
1361059200 5.61
1361664000 4.74
1362268800 3.46
1362873600 3.23
1363478400 3.32
1364083200 3.77
1364688000 4.47
