1333238400 2.42
1333843200 2.13
1334448000 1.86
1335052800 1.76
1335657600 1.52
1336262400 1.26
1336867200 1.18
1337472000 1.16
1338076800 1.08
1338681600 0.99
1339286400 0.94
1339891200 0.86
1340496000 0.82
1341100800 0.74
1341705600 0.72
1342310400 0.70
1342915200 0.66
1343520000 0.66
1344124800 0.67
1344729600 0.66
1345334400 0.73
1345939200 0.89
1346544000 1.12
1347148800 1.28
1347753600 1.42
1348358400 1.41
1348963200 1.42
1349568000 1.55
1350172800 1.64
1350777600 1.96
1351382400 1.91
1351987200 1.98
1352592000 2.27
1353196800 2.23
1353801600 2.50
1354406400 2.98
1355011200 2.87
1355616000 3.54
1356220800 4.76
1356825600 5.80
1357430400 7.33
1358035200 9.32
1358640000 8.62
1359244800 5.91
1359849600 4.89
1360454400 4.26
1361059200 4.24
1361664000 3.42
1362268800 2.82
1362873600 2.37
1363478400 2.05
1364083200 1.93
1364688000 1.87
