1333238400 1.66
1333843200 1.87
1334448000 1.97
1335052800 1.81
1335657600 1.74
1336262400 1.74
1336867200 1.66
1337472000 1.45
1338076800 1.31
1338681600 1.25
1339286400 1.25
1339891200 0.99
1340496000 0.85
1341100800 0.85
1341705600 0.83
1342310400 0.75
1342915200 0.69
1343520000 0.74
1344124800 0.78
1344729600 0.88
1345334400 0.91
1345939200 1.00
1346544000 1.00
1347148800 1.19
1347753600 1.66
1348358400 2.00
1348963200 2.18
1349568000 2.33
1350172800 2.36
1350777600 2.11
1351382400 1.41
1351987200 1.82
1352592000 2.25
1353196800 2.27
1353801600 3.07
1354406400 4.03
1355011200 4.90
1355616000 6.19
1356220800 9.94
1356825600 13.33
1357430400 21.14
1358035200 25.39
1358640000 16.49
1359244800 11.36
1359849600 8.39
1360454400 6.43
1361059200 5.77
1361664000 5.11
1362268800 4.56
1362873600 4.27
1363478400 3.45
1364083200 3.09
1364688000 2.70
