1333238400 3.59
1333843200 3.52
1334448000 3.55
1335052800 3.28
1335657600 2.64
1336262400 2.16
1336867200 1.84
1337472000 1.58
1338076800 1.43
1338681600 1.30
1339286400 1.21
1339891200 1.10
1340496000 1.01
1341100800 0.93
1341705600 0.85
1342310400 0.80
1342915200 0.72
1343520000 0.68
1344124800 0.67
1344729600 0.63
1345334400 0.65
1345939200 0.67
1346544000 0.71
1347148800 0.79
1347753600 0.86
1348358400 1.00
1348963200 1.12
1349568000 1.47
1350172800 1.73
1350777600 1.84
1351382400 1.74
1351987200 1.80
1352592000 1.90
1353196800 2.15
1353801600 2.53
1354406400 2.85
1355011200 3.88
1355616000 7.12
1356220800 13.74
1356825600 16.93
1357430400 20.93
1358035200 16.07
1358640000 10.85
1359244800 7.19
1359849600 6.76
1360454400 4.70
1361059200 4.02
1361664000 3.92
1362268800 3.41
1362873600 3.55
1363478400 2.87
1364083200 2.52
1364688000 2.32
