1333238400 1.43
1333843200 1.44
1334448000 1.51
1335052800 1.53
1335657600 1.41
1336262400 1.43
1336867200 1.50
1337472000 1.42
1338076800 1.25
1338681600 1.17
1339286400 1.12
1339891200 1.00
1340496000 0.84
1341100800 0.74
1341705600 0.79
1342310400 0.67
1342915200 0.70
1343520000 0.66
1344124800 0.70
1344729600 0.84
1345334400 0.93
1345939200 1.06
1346544000 1.31
1347148800 1.62
1347753600 1.84
1348358400 1.95
1348963200 2.13
1349568000 2.58
1350172800 2.67
1350777600 2.89
1351382400 2.91
1351987200 3.22
1352592000 3.46
1353196800 4.07
1353801600 5.19
1354406400 7.51
1355011200 9.04
1355616000 13.02
1356220800 12.63
1356825600 10.38
1357430400 11.58
1358035200 11.12
1358640000 7.68
1359244800 5.85
1359849600 4.89
1360454400 4.41
1361059200 4.18
1361664000 4.11
1362268800 4.06
1362873600 4.18
1363478400 3.93
1364083200 3.76
1364688000 3.44
