1333238400 1.53
1333843200 1.54
1334448000 1.58
1335052800 1.51
1335657600 1.51
1336262400 1.29
1336867200 1.35
1337472000 1.22
1338076800 1.09
1338681600 1.03
1339286400 0.93
1339891200 0.79
1340496000 0.63
1341100800 0.56
1341705600 0.66
1342310400 0.59
1342915200 0.63
1343520000 0.64
1344124800 0.69
1344729600 0.78
1345334400 0.75
1345939200 0.99
1346544000 1.25
1347148800 1.48
1347753600 1.61
1348358400 1.74
1348963200 2.05
1349568000 2.20
1350172800 2.16
1350777600 2.14
1351382400 2.12
1351987200 2.08
1352592000 2.57
1353196800 2.78
1353801600 3.54
1354406400 4.49
1355011200 5.20
1355616000 6.75
1356220800 8.68
1356825600 9.12
1357430400 10.47
1358035200 10.92
1358640000 8.50
1359244800 6.31
1359849600 4.95
1360454400 4.18
1361059200 4.20
1361664000 3.88
1362268800 3.44
1362873600 2.99
1363478400 2.78
1364083200 2.56
1364688000 2.45
