1333238400 1.32
1333843200 1.38
1334448000 1.53
1335052800 1.43
1335657600 1.34
1336262400 1.31
1336867200 1.26
1337472000 1.23
1338076800 1.15
1338681600 1.02
1339286400 1.00
1339891200 0.95
1340496000 0.85
1341100800 0.85
1341705600 0.85
1342310400 0.82
1342915200 0.74
1343520000 0.69
1344124800 0.64
1344729600 0.71
1345334400 0.98
1345939200 1.06
1346544000 1.28
1347148800 1.44
1347753600 1.60
1348358400 1.81
1348963200 2.13
1349568000 2.55
1350172800 2.66
1350777600 2.30
1351382400 2.48
1351987200 2.62
1352592000 2.83
1353196800 3.00
1353801600 3.46
1354406400 3.83
1355011200 4.49
1355616000 6.00
1356220800 8.40
1356825600 9.98
1357430400 14.12
1358035200 15.25
1358640000 13.01
1359244800 10.16
1359849600 7.35
1360454400 5.66
1361059200 4.73
1361664000 4.02
1362268800 3.58
1362873600 3.23
1363478400 2.44
1364083200 2.08
1364688000 2.06
