1333238400 2.11
1333843200 2.15
1334448000 2.01
1335052800 1.75
1335657600 1.58
1336262400 1.50
1336867200 1.51
1337472000 1.24
1338076800 1.33
1338681600 1.00
1339286400 1.02
1339891200 0.92
1340496000 0.72
1341100800 0.65
1341705600 0.59
1342310400 0.57
1342915200 0.56
1343520000 0.55
1344124800 0.60
1344729600 0.63
1345334400 0.74
1345939200 0.71
1346544000 0.88
1347148800 0.97
1347753600 1.18
1348358400 1.61
1348963200 1.70
1349568000 1.92
1350172800 1.94
1350777600 1.92
1351382400 1.83
1351987200 1.80
1352592000 2.20
1353196800 2.01
1353801600 2.29
1354406400 2.29
1355011200 2.47
1355616000 2.59
1356220800 3.21
1356825600 4.73
1357430400 6.72
1358035200 12.75
1358640000 13.37
1359244800 11.52
1359849600 8.18
1360454400 6.30
1361059200 5.13
1361664000 3.95
1362268800 3.22
1362873600 2.72
1363478400 2.31
1364083200 2.05
1364688000 1.90
