1333238400 1.33
1333843200 1.36
1334448000 1.28
1335052800 1.28
1335657600 1.30
1336262400 1.33
1336867200 1.26
1337472000 1.22
1338076800 1.08
1338681600 1.05
1339286400 0.99
1339891200 0.89
1340496000 0.77
1341100800 0.77
1341705600 0.81
1342310400 0.75
1342915200 0.74
1343520000 0.77
1344124800 0.82
1344729600 0.86
1345334400 0.89
1345939200 0.95
1346544000 1.11
1347148800 1.31
1347753600 1.45
1348358400 1.62
1348963200 1.72
1349568000 1.87
1350172800 1.86
1350777600 1.75
1351382400 1.52
1351987200 1.71
1352592000 1.92
1353196800 1.85
1353801600 2.16
1354406400 2.44
1355011200 2.85
1355616000 3.67
1356220800 5.01
1356825600 5.83
1357430400 7.27
1358035200 8.07
1358640000 6.35
1359244800 4.77
1359849600 3.89
1360454400 3.48
1361059200 3.33
1361664000 2.97
1362268800 2.78
1362873600 2.59
1363478400 2.37
1364083200 2.20
1364688000 2.14
