1333238400 1.58
1333843200 1.96
1334448000 2.21
1335052800 2.05
1335657600 1.73
1336262400 1.64
1336867200 1.63
1337472000 1.58
1338076800 1.36
1338681600 1.11
1339286400 1.00
1339891200 0.93
1340496000 0.85
1341100800 0.79
1341705600 0.76
1342310400 0.72
1342915200 0.63
1343520000 0.59
1344124800 0.59
1344729600 0.57
1345334400 0.55
1345939200 0.66
1346544000 0.76
1347148800 1.16
1347753600 1.34
1348358400 1.88
1348963200 2.30
1349568000 2.22
1350172800 2.37
1350777600 2.42
1351382400 2.35
1351987200 2.60
1352592000 2.66
1353196800 2.60
1353801600 2.94
1354406400 5.25
1355011200 7.54
1355616000 13.02
1356220800 22.46
1356825600 20.80
1357430400 27.70
1358035200 29.03
1358640000 15.09
1359244800 10.61
1359849600 6.55
1360454400 4.64
1361059200 3.80
1361664000 3.32
1362268800 2.97
1362873600 3.20
1363478400 3.41
1364083200 3.92
1364688000 3.13
