1333238400 1.40
1333843200 1.59
1334448000 1.45
1335052800 1.52
1335657600 1.48
1336262400 1.29
1336867200 1.26
1337472000 1.37
1338076800 1.27
1338681600 1.18
1339286400 1.28
1339891200 0.96
1340496000 0.82
1341100800 0.76
1341705600 0.69
1342310400 0.68
1342915200 0.66
1343520000 0.70
1344124800 0.77
1344729600 0.78
1345334400 0.88
1345939200 1.24
1346544000 1.45
1347148800 1.60
1347753600 1.87
1348358400 2.01
1348963200 2.20
1349568000 2.44
1350172800 2.75
1350777600 2.88
1351382400 2.94
1351987200 3.19
1352592000 3.88
1353196800 4.84
1353801600 6.12
1354406400 8.50
1355011200 9.48
1355616000 10.85
1356220800 10.83
1356825600 12.17
1357430400 13.91
1358035200 11.90
1358640000 8.36
1359244800 6.74
1359849600 5.64
1360454400 5.17
1361059200 4.66
1361664000 4.71
1362268800 4.74
1362873600 5.30
1363478400 4.80
1364083200 4.59
1364688000 4.47
