1333238400 3.04
1333843200 2.53
1334448000 2.33
1335052800 2.05
1335657600 1.79
1336262400 1.61
1336867200 1.51
1337472000 1.30
1338076800 1.20
1338681600 1.07
1339286400 1.00
1339891200 0.93
1340496000 0.85
1341100800 0.81
1341705600 0.76
1342310400 0.70
1342915200 0.64
1343520000 0.59
1344124800 0.55
1344729600 0.55
1345334400 0.53
1345939200 0.56
1346544000 0.59
1347148800 0.64
1347753600 0.73
1348358400 1.03
1348963200 1.41
1349568000 1.98
1350172800 2.29
1350777600 2.58
1351382400 2.76
1351987200 2.80
1352592000 3.01
1353196800 3.83
1353801600 4.50
1354406400 4.82
1355011200 5.16
1355616000 6.76
1356220800 10.71
1356825600 13.56
1357430400 21.01
1358035200 20.99
1358640000 15.00
1359244800 9.41
1359849600 8.02
1360454400 5.76
1361059200 5.06
1361664000 4.56
1362268800 4.49
1362873600 3.89
1363478400 3.04
1364083200 2.69
1364688000 2.50
