1333238400 1.69
1333843200 1.58
1334448000 1.73
1335052800 1.74
1335657600 1.45
1336262400 1.42
1336867200 1.54
1337472000 1.40
1338076800 1.31
1338681600 1.17
1339286400 1.00
1339891200 0.85
1340496000 0.83
1341100800 0.75
1341705600 0.81
1342310400 0.72
1342915200 0.77
1343520000 0.74
1344124800 0.79
1344729600 0.92
1345334400 1.20
1345939200 1.22
1346544000 1.45
1347148800 1.69
1347753600 1.77
1348358400 2.10
1348963200 2.43
1349568000 2.76
1350172800 2.84
1350777600 2.80
1351382400 3.11
1351987200 3.46
1352592000 4.15
1353196800 5.48
1353801600 7.47
1354406400 10.87
1355011200 13.59
1355616000 15.76
1356220800 15.45
1356825600 13.77
1357430400 16.66
1358035200 13.50
1358640000 10.59
1359244800 8.64
1359849600 7.25
1360454400 6.25
1361059200 6.22
1361664000 5.69
1362268800 5.47
1362873600 5.03
1363478400 4.48
1364083200 3.76
1364688000 3.58
