1333238400 1.56
1333843200 1.55
1334448000 1.55
1335052800 1.56
1335657600 1.42
1336262400 1.37
1336867200 1.41
1337472000 1.36
1338076800 1.30
1338681600 1.21
1339286400 1.13
1339891200 1.01
1340496000 0.86
1341100800 0.80
1341705600 0.84
1342310400 0.79
1342915200 0.78
1343520000 0.75
1344124800 0.80
1344729600 0.84
1345334400 0.93
1345939200 1.05
1346544000 1.23
1347148800 1.47
1347753600 1.69
1348358400 1.76
1348963200 1.84
1349568000 1.99
1350172800 2.09
1350777600 2.00
1351382400 2.38
1351987200 2.51
1352592000 2.90
1353196800 3.16
1353801600 3.57
1354406400 4.01
1355011200 4.29
1355616000 5.69
1356220800 7.41
1356825600 8.18
1357430400 9.62
1358035200 9.94
1358640000 8.39
1359244800 5.72
1359849600 4.28
1360454400 3.30
1361059200 3.04
1361664000 2.67
1362268800 2.55
1362873600 2.33
1363478400 2.12
1364083200 1.85
1364688000 1.76
