1333238400 1.59
1333843200 1.58
1334448000 1.57
1335052800 1.52
1335657600 1.43
1336262400 1.45
1336867200 1.43
1337472000 1.35
1338076800 1.26
1338681600 1.17
1339286400 1.11
1339891200 1.00
1340496000 0.85
1341100800 0.80
1341705600 0.83
1342310400 0.79
1342915200 0.77
1343520000 0.77
1344124800 0.78
1344729600 0.86
1345334400 0.96
1345939200 1.06
1346544000 1.21
1347148800 1.36
1347753600 1.53
1348358400 1.67
1348963200 1.78
1349568000 2.05
1350172800 2.11
1350777600 2.09
1351382400 2.07
1351987200 2.20
1352592000 2.57
1353196800 2.68
1353801600 3.21
1354406400 3.90
1355011200 4.52
1355616000 5.60
1356220800 6.96
1356825600 7.59
1357430400 8.91
1358035200 9.30
1358640000 8.29
1359244800 6.35
1359849600 4.88
1360454400 4.01
1361059200 3.74
1361664000 3.33
1362268800 3.09
1362873600 2.86
1363478400 2.55
1364083200 2.35
1364688000 2.21
