1333238400 1.72
1333843200 1.59
1334448000 1.50
1335052800 1.30
1335657600 1.27
1336262400 1.15
1336867200 1.05
1337472000 1.08
1338076800 1.16
1338681600 1.10
1339286400 1.06
1339891200 0.96
1340496000 0.84
1341100800 0.76
1341705600 0.75
1342310400 0.68
1342915200 0.63
1343520000 0.60
1344124800 0.62
1344729600 0.70
1345334400 0.74
1345939200 0.87
1346544000 1.01
1347148800 1.29
1347753600 1.10
1348358400 1.23
1348963200 1.66
1349568000 1.65
1350172800 1.84
1350777600 2.00
1351382400 1.78
1351987200 2.06
1352592000 2.61
1353196800 2.74
1353801600 2.89
1354406400 3.07
1355011200 3.49
1355616000 4.88
1356220800 7.15
1356825600 7.40
1357430400 8.50
1358035200 15.14
1358640000 10.76
1359244800 7.90
1359849600 6.56
1360454400 4.44
1361059200 3.60
1361664000 3.01
1362268800 2.52
1362873600 2.42
1363478400 1.99
1364083200 2.02
1364688000 1.76
