1333238400 2.65
1333843200 3.75
1334448000 3.72
1335052800 3.17
1335657600 2.63
1336262400 2.07
1336867200 1.84
1337472000 1.59
1338076800 1.38
1338681600 1.18
1339286400 1.09
1339891200 1.00
1340496000 0.93
1341100800 0.83
1341705600 0.77
1342310400 0.73
1342915200 0.68
1343520000 0.66
1344124800 0.64
1344729600 0.63
1345334400 0.60
1345939200 0.58
1346544000 0.62
1347148800 0.69
1347753600 0.85
1348358400 1.10
1348963200 1.44
1349568000 1.72
1350172800 1.84
1350777600 2.13
1351382400 2.11
1351987200 2.09
1352592000 1.93
1353196800 1.98
1353801600 2.26
1354406400 2.67
1355011200 2.89
1355616000 3.65
1356220800 7.21
1356825600 10.85
1357430400 20.31
1358035200 24.71
1358640000 19.91
1359244800 14.18
1359849600 9.65
1360454400 7.15
1361059200 5.35
1361664000 4.74
1362268800 3.69
1362873600 2.89
1363478400 2.42
1364083200 2.76
1364688000 2.65
