1333238400 1.42
1333843200 1.40
1334448000 1.43
1335052800 1.41
1335657600 1.36
1336262400 1.41
1336867200 1.39
1337472000 1.25
1338076800 1.14
1338681600 1.15
1339286400 1.12
1339891200 1.00
1340496000 0.83
1341100800 0.82
1341705600 0.85
1342310400 0.84
1342915200 0.81
1343520000 0.76
1344124800 0.83
1344729600 0.87
1345334400 1.00
1345939200 0.99
1346544000 1.17
1347148800 1.31
1347753600 1.51
1348358400 1.73
1348963200 1.80
1349568000 1.97
1350172800 2.12
1350777600 2.05
1351382400 1.71
1351987200 1.96
1352592000 2.14
1353196800 2.34
1353801600 2.56
1354406400 3.31
1355011200 4.14
1355616000 5.37
1356220800 6.44
1356825600 6.87
1357430400 7.65
1358035200 7.65
1358640000 5.86
1359244800 4.64
1359849600 3.83
1360454400 3.63
1361059200 3.51
1361664000 3.37
1362268800 3.14
1362873600 3.00
1363478400 2.57
1364083200 2.34
1364688000 2.32
