1333238400 2.94
1333843200 2.98
1334448000 2.52
1335052800 2.34
1335657600 2.08
1336262400 2.10
1336867200 1.89
1337472000 1.74
1338076800 1.52
1338681600 1.30
1339286400 1.31
1339891200 1.23
1340496000 0.97
1341100800 0.77
1341705600 0.78
1342310400 0.74
1342915200 0.65
1343520000 0.64
1344124800 0.58
1344729600 0.69
1345334400 0.78
1345939200 0.81
1346544000 0.95
1347148800 1.06
1347753600 1.31
1348358400 1.60
1348963200 1.76
1349568000 2.03
1350172800 2.17
1350777600 2.29
1351382400 2.28
1351987200 2.23
1352592000 2.57
1353196800 2.45
1353801600 3.11
1354406400 3.34
1355011200 3.50
1355616000 3.88
1356220800 5.54
1356825600 6.71
1357430400 8.51
1358035200 12.38
1358640000 12.69
1359244800 9.94
1359849600 7.21
1360454400 5.24
1361059200 4.64
1361664000 3.75
1362268800 3.06
1362873600 2.77
1363478400 2.35
1364083200 2.14
1364688000 2.01
