1333238400 1.47
1333843200 1.64
1334448000 1.70
1335052800 1.51
1335657600 1.41
1336262400 1.32
1336867200 1.28
1337472000 1.14
1338076800 1.02
1338681600 0.97
1339286400 0.95
1339891200 0.91
1340496000 0.89
1341100800 0.83
1341705600 0.78
1342310400 0.75
1342915200 0.71
1343520000 0.68
1344124800 0.68
1344729600 0.72
1345334400 0.77
1345939200 1.03
1346544000 1.28
1347148800 1.34
1347753600 1.32
1348358400 1.44
1348963200 1.59
1349568000 1.81
1350172800 1.91
1350777600 1.85
1351382400 1.82
1351987200 1.96
1352592000 1.99
1353196800 1.87
1353801600 2.19
1354406400 2.80
1355011200 3.72
1355616000 5.41
1356220800 6.40
1356825600 6.55
1357430400 8.13
1358035200 8.36
1358640000 6.55
1359244800 4.64
1359849600 3.31
1360454400 3.20
1361059200 3.47
1361664000 3.26
1362268800 3.43
1362873600 3.34
1363478400 2.88
1364083200 2.63
1364688000 2.35
