1333238400 1.28
1333843200 1.45
1334448000 1.50
1335052800 1.51
1335657600 1.53
1336262400 1.41
1336867200 1.32
1337472000 1.20
1338076800 1.07
1338681600 1.00
1339286400 0.87
1339891200 0.76
1340496000 0.62
1341100800 0.59
1341705600 0.66
1342310400 0.63
1342915200 0.67
1343520000 0.64
1344124800 0.76
1344729600 0.72
1345334400 0.91
1345939200 0.96
1346544000 1.10
1347148800 1.24
1347753600 1.50
1348358400 1.68
1348963200 1.62
1349568000 1.96
1350172800 2.11
1350777600 1.99
1351382400 2.16
1351987200 1.85
1352592000 2.21
1353196800 2.32
1353801600 2.92
1354406400 3.85
1355011200 4.12
1355616000 6.14
1356220800 9.60
1356825600 12.21
1357430400 17.06
1358035200 14.67
1358640000 8.79
1359244800 6.09
1359849600 4.60
1360454400 4.08
1361059200 4.10
1361664000 3.69
1362268800 3.31
1362873600 2.93
1363478400 2.64
1364083200 2.59
1364688000 2.37
